Species
E (entity)	1	E1
EG (entity groupping)	1	1
T (time)	3	0	1 	2
R (replicate)	1
Data   1024
V_1_1	5	0	0
V_1_2	4.97953	0	0.2012985
V_1_3	4.918958	0	0.3943559
V_1_4	4.820763	0	0.5712682
V_1_5	4.688967	0	0.7247928
V_1_6	4.528964	0	0.8486443
V_1_7	4.347305	0	0.9377521
V_1_8	4.151428	0	0.9884683
V_1_9	3.949351	0	0.9987165
V_1_10	3.749347	0	0.9680771
V_1_11	3.559606	0	0.8978045
V_1_12	3.387894	0	0.7907757
V_1_13	3.241242	0	0.6513725
V_1_14	3.125653	0	0.485302
V_1_15	3.045861	0	0.2993631
V_1_16	3.005131	0	0.1011683
V_1_17	3.005131	0	-0.1011683
V_1_18	3.045861	0	-0.2993631
V_1_19	3.125653	0	-0.485302
V_1_20	3.241242	0	-0.6513725
V_1_21	3.387894	0	-0.7907757
V_1_22	3.559606	0	-0.8978045
V_1_23	3.749347	0	-0.9680771
V_1_24	3.949351	0	-0.9987165
V_1_25	4.151428	0	-0.9884683
V_1_26	4.347305	0	-0.9377521
V_1_27	4.528964	0	-0.8486443
V_1_28	4.688967	0	-0.7247928
V_1_29	4.820763	0	-0.5712682
V_1_30	4.918958	0	-0.3943559
V_1_31	4.97953	0	-0.2012985
V_1_32	5	0	-2.449213e-16
V_2_1	4.89765	1.006493	0
V_2_2	4.877599	1.002372	0.2012985
V_2_3	4.818266	0.9901789	0.3943559
V_2_4	4.722082	0.9704125	0.5712682
V_2_5	4.592983	0.9438821	0.7247928
V_2_6	4.436256	0.9116738	0.8486443
V_2_7	4.258316	0.8751061	0.9377521
V_2_8	4.066448	0.8356763	0.9884683
V_2_9	3.868507	0.7949985	0.9987165
V_2_10	3.672598	0.7547381	0.9680771
V_2_11	3.486741	0.7165434	0.8978045
V_2_12	3.318544	0.6819781	0.7907757
V_2_13	3.174893	0.6524572	0.6513725
V_2_14	3.061671	0.6291894	0.485302
V_2_15	2.983512	0.6131273	0.2993631
V_2_16	2.943615	0.6049284	0.1011683
V_2_17	2.943615	0.6049284	-0.1011683
V_2_18	2.983512	0.6131273	-0.2993631
V_2_19	3.061671	0.6291894	-0.485302
V_2_20	3.174893	0.6524572	-0.6513725
V_2_21	3.318544	0.6819781	-0.7907757
V_2_22	3.486741	0.7165434	-0.8978045
V_2_23	3.672598	0.7547381	-0.9680771
V_2_24	3.868507	0.7949985	-0.9987165
V_2_25	4.066448	0.8356763	-0.9884683
V_2_26	4.258316	0.8751061	-0.9377521
V_2_27	4.436256	0.9116738	-0.8486443
V_2_28	4.592983	0.9438821	-0.7247928
V_2_29	4.722082	0.9704125	-0.5712682
V_2_30	4.818266	0.9901789	-0.3943559
V_2_31	4.877599	1.002372	-0.2012985
V_2_32	4.89765	1.006493	-2.449213e-16
V_3_1	4.594789	1.971779	0
V_3_2	4.575978	1.963707	0.2012985
V_3_3	4.520315	1.93982	0.3943559
V_3_4	4.430078	1.901096	0.5712682
V_3_5	4.308963	1.849122	0.7247928
V_3_6	4.161927	1.786023	0.8486443
V_3_7	3.99499	1.714385	0.9377521
V_3_8	3.814987	1.63714	0.9884683
V_3_9	3.629287	1.55745	0.9987165
V_3_10	3.445492	1.478577	0.9680771
V_3_11	3.271128	1.403751	0.8978045
V_3_12	3.113332	1.336036	0.7907757
V_3_13	2.978565	1.278203	0.6513725
V_3_14	2.872344	1.23262	0.485302
V_3_15	2.799018	1.201153	0.2993631
V_3_16	2.761588	1.185091	0.1011683
V_3_17	2.761588	1.185091	-0.1011683
V_3_18	2.799018	1.201153	-0.2993631
V_3_19	2.872344	1.23262	-0.485302
V_3_20	2.978565	1.278203	-0.6513725
V_3_21	3.113332	1.336036	-0.7907757
V_3_22	3.271128	1.403751	-0.8978045
V_3_23	3.445492	1.478577	-0.9680771
V_3_24	3.629287	1.55745	-0.9987165
V_3_25	3.814987	1.63714	-0.9884683
V_3_26	3.99499	1.714385	-0.9377521
V_3_27	4.161927	1.786023	-0.8486443
V_3_28	4.308963	1.849122	-0.7247928
V_3_29	4.430078	1.901096	-0.5712682
V_3_30	4.520315	1.93982	-0.3943559
V_3_31	4.575978	1.963707	-0.2012985
V_3_32	4.594789	1.971779	-2.449213e-16
V_4_1	4.103817	2.856341	0
V_4_2	4.087016	2.844647	0.2012985
V_4_3	4.037301	2.810044	0.3943559
V_4_4	3.956706	2.753949	0.5712682
V_4_5	3.848533	2.678658	0.7247928
V_4_6	3.717208	2.587253	0.8486443
V_4_7	3.568109	2.483477	0.9377521
V_4_8	3.40734	2.371579	0.9884683
V_4_9	3.241483	2.256139	0.9987165
V_4_10	3.077327	2.141883	0.9680771
V_4_11	2.921594	2.03349	0.8978045
V_4_12	2.78066	1.935396	0.7907757
V_4_13	2.660293	1.851618	0.6513725
V_4_14	2.565422	1.785586	0.485302
V_4_15	2.499931	1.740003	0.2993631
V_4_16	2.466501	1.716736	0.1011683
V_4_17	2.466501	1.716736	-0.1011683
V_4_18	2.499931	1.740003	-0.2993631
V_4_19	2.565422	1.785586	-0.485302
V_4_20	2.660293	1.851618	-0.6513725
V_4_21	2.78066	1.935396	-0.7907757
V_4_22	2.921594	2.03349	-0.8978045
V_4_23	3.077327	2.141883	-0.9680771
V_4_24	3.241483	2.256139	-0.9987165
V_4_25	3.40734	2.371579	-0.9884683
V_4_26	3.568109	2.483477	-0.9377521
V_4_27	3.717208	2.587253	-0.8486443
V_4_28	3.848533	2.678658	-0.7247928
V_4_29	3.956706	2.753949	-0.5712682
V_4_30	4.037301	2.810044	-0.3943559
V_4_31	4.087016	2.844647	-0.2012985
V_4_32	4.103817	2.856341	-2.449213e-16
V_5_1	3.444835	3.623964	0
V_5_2	3.430731	3.609127	0.2012985
V_5_3	3.388999	3.565225	0.3943559
V_5_4	3.321347	3.494055	0.5712682
V_5_5	3.230543	3.398529	0.7247928
V_5_6	3.120306	3.28256	0.8486443
V_5_7	2.99515	3.150895	0.9377521
V_5_8	2.860196	3.008925	0.9884683
V_5_9	2.720972	2.862461	0.9987165
V_5_10	2.583176	2.7175	0.9680771
V_5_11	2.452451	2.579977	0.8978045
V_5_12	2.334147	2.455521	0.7907757
V_5_13	2.233108	2.349229	0.6513725
V_5_14	2.153472	2.265451	0.485302
V_5_15	2.098497	2.207618	0.2993631
V_5_16	2.070436	2.178097	0.1011683
V_5_17	2.070436	2.178097	-0.1011683
V_5_18	2.098497	2.207618	-0.2993631
V_5_19	2.153472	2.265451	-0.485302
V_5_20	2.233108	2.349229	-0.6513725
V_5_21	2.334147	2.455521	-0.7907757
V_5_22	2.452451	2.579977	-0.8978045
V_5_23	2.583176	2.7175	-0.9680771
V_5_24	2.720972	2.862461	-0.9987165
V_5_25	2.860196	3.008925	-0.9884683
V_5_26	2.99515	3.150895	-0.9377521
V_5_27	3.120306	3.28256	-0.8486443
V_5_28	3.230543	3.398529	-0.7247928
V_5_29	3.321347	3.494055	-0.5712682
V_5_30	3.388999	3.565225	-0.3943559
V_5_31	3.430731	3.609127	-0.2012985
V_5_32	3.444835	3.623964	-2.449213e-16
V_6_1	2.64482	4.243221	0
V_6_2	2.633992	4.225849	0.2012985
V_6_3	2.601952	4.174445	0.3943559
V_6_4	2.55001	4.091113	0.5712682
V_6_5	2.480295	3.979265	0.7247928
V_6_6	2.395659	3.843479	0.8486443
V_6_7	2.299568	3.689316	0.9377521
V_6_8	2.195956	3.523085	0.9884683
V_6_9	2.089064	3.351594	0.9987165
V_6_10	1.98327	3.181862	0.9680771
V_6_11	1.882903	3.020839	0.8978045
V_6_12	1.792074	2.875117	0.7907757
V_6_13	1.7145	2.750661	0.6513725
V_6_14	1.653358	2.652568	0.485302
V_6_15	1.611151	2.584852	0.2993631
V_6_16	1.589606	2.550287	0.1011683
V_6_17	1.589606	2.550287	-0.1011683
V_6_18	1.611151	2.584852	-0.2993631
V_6_19	1.653358	2.652568	-0.485302
V_6_20	1.7145	2.750661	-0.6513725
V_6_21	1.792074	2.875117	-0.7907757
V_6_22	1.882903	3.020839	-0.8978045
V_6_23	1.98327	3.181862	-0.9680771
V_6_24	2.089064	3.351594	-0.9987165
V_6_25	2.195956	3.523085	-0.9884683
V_6_26	2.299568	3.689316	-0.9377521
V_6_27	2.395659	3.843479	-0.8486443
V_6_28	2.480295	3.979265	-0.7247928
V_6_29	2.55001	4.091113	-0.5712682
V_6_30	2.601952	4.174445	-0.3943559
V_6_31	2.633992	4.225849	-0.2012985
V_6_32	2.64482	4.243221	-2.449213e-16
V_7_1	1.736526	4.688761	0
V_7_2	1.729417	4.669565	0.2012985
V_7_3	1.70838	4.612763	0.3943559
V_7_4	1.674276	4.520681	0.5712682
V_7_5	1.628503	4.397089	0.7247928
V_7_6	1.572933	4.247046	0.8486443
V_7_7	1.509842	4.076695	0.9377521
V_7_8	1.441813	3.89301	0.9884683
V_7_9	1.37163	3.703512	0.9987165
V_7_10	1.302168	3.515959	0.9680771
V_7_11	1.23627	3.338028	0.8978045
V_7_12	1.176633	3.177005	0.7907757
V_7_13	1.1257	3.039481	0.6513725
V_7_14	1.085556	2.931088	0.485302
V_7_15	1.057843	2.856262	0.2993631
V_7_16	1.043698	2.818068	0.1011683
V_7_17	1.043698	2.818068	-0.1011683
V_7_18	1.057843	2.856262	-0.2993631
V_7_19	1.085556	2.931088	-0.485302
V_7_20	1.1257	3.039481	-0.6513725
V_7_21	1.176633	3.177005	-0.7907757
V_7_22	1.23627	3.338028	-0.8978045
V_7_23	1.302168	3.515959	-0.9680771
V_7_24	1.37163	3.703512	-0.9987165
V_7_25	1.441813	3.89301	-0.9884683
V_7_26	1.509842	4.076695	-0.9377521
V_7_27	1.572933	4.247046	-0.8486443
V_7_28	1.628503	4.397089	-0.7247928
V_7_29	1.674276	4.520681	-0.5712682
V_7_30	1.70838	4.612763	-0.3943559
V_7_31	1.729417	4.669565	-0.2012985
V_7_32	1.736526	4.688761	-2.449213e-16
V_8_1	0.7571389	4.942342	0
V_8_2	0.7540392	4.922108	0.2012985
V_8_3	0.7448668	4.862234	0.3943559
V_8_4	0.7299975	4.765172	0.5712682
V_8_5	0.7100398	4.634895	0.7247928
V_8_6	0.685811	4.476737	0.8486443
V_8_7	0.6583028	4.297174	0.9377521
V_8_8	0.6286415	4.103555	0.9884683
V_8_9	0.5980414	3.903808	0.9987165
V_8_10	0.5677554	3.706111	0.9680771
V_8_11	0.5390232	3.518558	0.8978045
V_8_12	0.5130213	3.348826	0.7907757
V_8_13	0.4908141	3.203865	0.6513725
V_8_14	0.4733107	3.089609	0.485302
V_8_15	0.4612279	3.010737	0.2993631
V_8_16	0.4550603	2.970476	0.1011683
V_8_17	0.4550603	2.970476	-0.1011683
V_8_18	0.4612279	3.010737	-0.2993631
V_8_19	0.4733107	3.089609	-0.485302
V_8_20	0.4908141	3.203865	-0.6513725
V_8_21	0.5130213	3.348826	-0.7907757
V_8_22	0.5390232	3.518558	-0.8978045
V_8_23	0.5677554	3.706111	-0.9680771
V_8_24	0.5980414	3.903808	-0.9987165
V_8_25	0.6286415	4.103555	-0.9884683
V_8_26	0.6583028	4.297174	-0.9377521
V_8_27	0.685811	4.476737	-0.8486443
V_8_28	0.7100398	4.634895	-0.7247928
V_8_29	0.7299975	4.765172	-0.5712682
V_8_30	0.7448668	4.862234	-0.3943559
V_8_31	0.7540392	4.922108	-0.2012985
V_8_32	0.7571389	4.942342	-2.449213e-16
V_9_1	-0.2532458	4.993583	0
V_9_2	-0.2522091	4.973139	0.2012985
V_9_3	-0.2491411	4.912644	0.3943559
V_9_4	-0.2441677	4.814576	0.5712682
V_9_5	-0.2374923	4.682949	0.7247928
V_9_6	-0.2293883	4.523151	0.8486443
V_9_7	-0.2201874	4.341726	0.9377521
V_9_8	-0.2102664	4.146099	0.9884683
V_9_9	-0.2000313	3.944282	0.9987165
V_9_10	-0.1899013	3.744535	0.9680771
V_9_11	-0.1802911	3.555037	0.8978045
V_9_12	-0.171594	3.383546	0.7907757
V_9_13	-0.1641662	3.237082	0.6513725
V_9_14	-0.1583117	3.121642	0.485302
V_9_15	-0.1542703	3.041951	0.2993631
V_9_16	-0.1522074	3.001274	0.1011683
V_9_17	-0.1522074	3.001274	-0.1011683
V_9_18	-0.1542703	3.041951	-0.2993631
V_9_19	-0.1583117	3.121642	-0.485302
V_9_20	-0.1641662	3.237082	-0.6513725
V_9_21	-0.171594	3.383546	-0.7907757
V_9_22	-0.1802911	3.555037	-0.8978045
V_9_23	-0.1899013	3.744535	-0.9680771
V_9_24	-0.2000313	3.944282	-0.9987165
V_9_25	-0.2102664	4.146099	-0.9884683
V_9_26	-0.2201874	4.341726	-0.9377521
V_9_27	-0.2293883	4.523151	-0.8486443
V_9_28	-0.2374923	4.682949	-0.7247928
V_9_29	-0.2441677	4.814576	-0.5712682
V_9_30	-0.2491411	4.912644	-0.3943559
V_9_31	-0.2522091	4.973139	-0.2012985
V_9_32	-0.2532458	4.993583	-2.449213e-16
V_10_1	-1.253263	4.840386	0
V_10_2	-1.248132	4.820569	0.2012985
V_10_3	-1.232949	4.761931	0.3943559
V_10_4	-1.208337	4.666871	0.5712682
V_10_5	-1.175301	4.539282	0.7247928
V_10_6	-1.135196	4.384386	0.8486443
V_10_7	-1.089663	4.208527	0.9377521
V_10_8	-1.040566	4.018902	0.9884683
V_10_9	-0.9899148	3.823276	0.9987165
V_10_10	-0.9397834	3.629657	0.9680771
V_10_11	-0.8922242	3.445973	0.8978045
V_10_12	-0.8491842	3.279743	0.7907757
V_10_13	-0.8124255	3.137772	0.6513725
V_10_14	-0.7834529	3.025874	0.485302
V_10_15	-0.7634527	2.948628	0.2993631
V_10_16	-0.7532436	2.909198	0.1011683
V_10_17	-0.7532436	2.909198	-0.1011683
V_10_18	-0.7634527	2.948628	-0.2993631
V_10_19	-0.7834529	3.025874	-0.485302
V_10_20	-0.8124255	3.137772	-0.6513725
V_10_21	-0.8491842	3.279743	-0.7907757
V_10_22	-0.8922242	3.445973	-0.8978045
V_10_23	-0.9397834	3.629657	-0.9680771
V_10_24	-0.9899148	3.823276	-0.9987165
V_10_25	-1.040566	4.018902	-0.9884683
V_10_26	-1.089663	4.208527	-0.9377521
V_10_27	-1.135196	4.384386	-0.8486443
V_10_28	-1.175301	4.539282	-0.7247928
V_10_29	-1.208337	4.666871	-0.5712682
V_10_30	-1.232949	4.761931	-0.3943559
V_10_31	-1.248132	4.820569	-0.2012985
V_10_32	-1.253263	4.840386	-2.449213e-16
V_11_1	-2.201971	4.489023	0
V_11_2	-2.192956	4.470645	0.2012985
V_11_3	-2.16628	4.416263	0.3943559
V_11_4	-2.123036	4.328103	0.5712682
V_11_5	-2.064994	4.209776	0.7247928
V_11_6	-1.994529	4.066124	0.8486443
V_11_7	-1.914528	3.90303	0.9377521
V_11_8	-1.828265	3.727171	0.9884683
V_11_9	-1.739271	3.545745	0.9987165
V_11_10	-1.651191	3.366181	0.9680771
V_11_11	-1.56763	3.19583	0.8978045
V_11_12	-1.492009	3.041667	0.7907757
V_11_13	-1.427424	2.910002	0.6513725
V_11_14	-1.376519	2.806226	0.485302
V_11_15	-1.341379	2.734588	0.2993631
V_11_16	-1.323442	2.69802	0.1011683
V_11_17	-1.323442	2.69802	-0.1011683
V_11_18	-1.341379	2.734588	-0.2993631
V_11_19	-1.376519	2.806226	-0.485302
V_11_20	-1.427424	2.910002	-0.6513725
V_11_21	-1.492009	3.041667	-0.7907757
V_11_22	-1.56763	3.19583	-0.8978045
V_11_23	-1.651191	3.366181	-0.9680771
V_11_24	-1.739271	3.545745	-0.9987165
V_11_25	-1.828265	3.727171	-0.9884683
V_11_26	-1.914528	3.90303	-0.9377521
V_11_27	-1.994529	4.066124	-0.8486443
V_11_28	-2.064994	4.209776	-0.7247928
V_11_29	-2.123036	4.328103	-0.5712682
V_11_30	-2.16628	4.416263	-0.3943559
V_11_31	-2.192956	4.470645	-0.2012985
V_11_32	-2.201971	4.489023	-2.449213e-16
V_12_1	-3.06053	3.953879	0
V_12_2	-3.048	3.937691	0.2012985
V_12_3	-3.010924	3.889792	0.3943559
V_12_4	-2.950818	3.812143	0.5712682
V_12_5	-2.870145	3.707921	0.7247928
V_12_6	-2.772206	3.581395	0.8486443
V_12_7	-2.661012	3.437744	0.9377521
V_12_8	-2.541114	3.282848	0.9884683
V_12_9	-2.417421	3.123051	0.9987165
V_12_10	-2.294998	2.964893	0.9680771
V_12_11	-2.178856	2.81485	0.8978045
V_12_12	-2.07375	2.679064	0.7907757
V_12_13	-1.983984	2.563095	0.6513725
V_12_14	-1.913231	2.471691	0.485302
V_12_15	-1.86439	2.408593	0.2993631
V_12_16	-1.839458	2.376384	0.1011683
V_12_17	-1.839458	2.376384	-0.1011683
V_12_18	-1.86439	2.408593	-0.2993631
V_12_19	-1.913231	2.471691	-0.485302
V_12_20	-1.983984	2.563095	-0.6513725
V_12_21	-2.07375	2.679064	-0.7907757
V_12_22	-2.178856	2.81485	-0.8978045
V_12_23	-2.294998	2.964893	-0.9680771
V_12_24	-2.417421	3.123051	-0.9987165
V_12_25	-2.541114	3.282848	-0.9884683
V_12_26	-2.661012	3.437744	-0.9377521
V_12_27	-2.772206	3.581395	-0.8486443
V_12_28	-2.870145	3.707921	-0.7247928
V_12_29	-2.950818	3.812143	-0.5712682
V_12_30	-3.010924	3.889792	-0.3943559
V_12_31	-3.048	3.937691	-0.2012985
V_12_32	-3.06053	3.953879	-2.449213e-16
V_13_1	-3.793791	3.256862	0
V_13_2	-3.778259	3.243529	0.2012985
V_13_3	-3.732299	3.204074	0.3943559
V_13_4	-3.657793	3.140113	0.5712682
V_13_5	-3.557792	3.054264	0.7247928
V_13_6	-3.436388	2.950043	0.8486443
V_13_7	-3.298553	2.831715	0.9377521
V_13_8	-3.14993	2.704126	0.9884683
V_13_9	-2.996602	2.572498	0.9987165
V_13_10	-2.844848	2.442222	0.9680771
V_13_11	-2.70088	2.318629	0.8978045
V_13_12	-2.570592	2.206781	0.7907757
V_13_13	-2.459319	2.111256	0.6513725
V_13_14	-2.371615	2.035965	0.485302
V_13_15	-2.311072	1.98399	0.2993631
V_13_16	-2.280167	1.957459	0.1011683
V_13_17	-2.280167	1.957459	-0.1011683
V_13_18	-2.311072	1.98399	-0.2993631
V_13_19	-2.371615	2.035965	-0.485302
V_13_20	-2.459319	2.111256	-0.6513725
V_13_21	-2.570592	2.206781	-0.7907757
V_13_22	-2.70088	2.318629	-0.8978045
V_13_23	-2.844848	2.442222	-0.9680771
V_13_24	-2.996602	2.572498	-0.9987165
V_13_25	-3.14993	2.704126	-0.9884683
V_13_26	-3.298553	2.831715	-0.9377521
V_13_27	-3.436388	2.950043	-0.8486443
V_13_28	-3.557792	3.054264	-0.7247928
V_13_29	-3.657793	3.140113	-0.5712682
V_13_30	-3.732299	3.204074	-0.3943559
V_13_31	-3.778259	3.243529	-0.2012985
V_13_32	-3.793791	3.256862	-2.449213e-16
V_14_1	-4.371733	2.42651	0
V_14_2	-4.353835	2.416576	0.2012985
V_14_3	-4.300874	2.38718	0.3943559
V_14_4	-4.215018	2.339526	0.5712682
V_14_5	-4.099782	2.275565	0.7247928
V_14_6	-3.959884	2.197915	0.8486443
V_14_7	-3.801052	2.109756	0.9377521
V_14_8	-3.629787	2.014696	0.9884683
V_14_9	-3.453102	1.916628	0.9987165
V_14_10	-3.278229	1.819566	0.9680771
V_14_11	-3.112329	1.727484	0.8978045
V_14_12	-2.962194	1.644152	0.7907757
V_14_13	-2.833969	1.572981	0.6513725
V_14_14	-2.732904	1.516886	0.485302
V_14_15	-2.663138	1.478162	0.2993631
V_14_16	-2.627526	1.458396	0.1011683
V_14_17	-2.627526	1.458396	-0.1011683
V_14_18	-2.663138	1.478162	-0.2993631
V_14_19	-2.732904	1.516886	-0.485302
V_14_20	-2.833969	1.572981	-0.6513725
V_14_21	-2.962194	1.644152	-0.7907757
V_14_22	-3.112329	1.727484	-0.8978045
V_14_23	-3.278229	1.819566	-0.9680771
V_14_24	-3.453102	1.916628	-0.9987165
V_14_25	-3.629787	2.014696	-0.9884683
V_14_26	-3.801052	2.109756	-0.9377521
V_14_27	-3.959884	2.197915	-0.8486443
V_14_28	-4.099782	2.275565	-0.7247928
V_14_29	-4.215018	2.339526	-0.5712682
V_14_30	-4.300874	2.38718	-0.3943559
V_14_31	-4.353835	2.416576	-0.2012985
V_14_32	-4.371733	2.42651	-2.449213e-16
V_15_1	-4.770696	1.496816	0
V_15_2	-4.751165	1.490688	0.2012985
V_15_3	-4.693371	1.472555	0.3943559
V_15_4	-4.59968	1.443159	0.5712682
V_15_5	-4.473927	1.403704	0.7247928
V_15_6	-4.321262	1.355805	0.8486443
V_15_7	-4.147935	1.301423	0.9377521
V_15_8	-3.96104	1.242784	0.9884683
V_15_9	-3.768231	1.18229	0.9987165
V_15_10	-3.5774	1.122416	0.9680771
V_15_11	-3.39636	1.065615	0.8978045
V_15_12	-3.232523	1.014211	0.7907757
V_15_13	-3.092596	0.9703083	0.6513725
V_15_14	-2.982309	0.9357054	0.485302
V_15_15	-2.906175	0.9118184	0.2993631
V_15_16	-2.867313	0.8996253	0.1011683
V_15_17	-2.867313	0.8996253	-0.1011683
V_15_18	-2.906175	0.9118184	-0.2993631
V_15_19	-2.982309	0.9357054	-0.485302
V_15_20	-3.092596	0.9703083	-0.6513725
V_15_21	-3.232523	1.014211	-0.7907757
V_15_22	-3.39636	1.065615	-0.8978045
V_15_23	-3.5774	1.122416	-0.9680771
V_15_24	-3.768231	1.18229	-0.9987165
V_15_25	-3.96104	1.242784	-0.9884683
V_15_26	-4.147935	1.301423	-0.9377521
V_15_27	-4.321262	1.355805	-0.8486443
V_15_28	-4.473927	1.403704	-0.7247928
V_15_29	-4.59968	1.443159	-0.5712682
V_15_30	-4.693371	1.472555	-0.3943559
V_15_31	-4.751165	1.490688	-0.2012985
V_15_32	-4.770696	1.496816	-2.449213e-16
V_16_1	-4.974347	0.5058416	0
V_16_2	-4.953982	0.5037707	0.2012985
V_16_3	-4.89372	0.4976427	0.3943559
V_16_4	-4.79603	0.4877085	0.5712682
V_16_5	-4.664909	0.4743749	0.7247928
V_16_6	-4.505727	0.4581877	0.8486443
V_16_7	-4.325001	0.4398096	0.9377521
V_16_8	-4.130128	0.419993	0.9884683
V_16_9	-3.929088	0.3995492	0.9987165
V_16_10	-3.730111	0.3793152	0.9680771
V_16_11	-3.541343	0.3601194	0.8978045
V_16_12	-3.370512	0.3427476	0.7907757
V_16_13	-3.224612	0.327911	0.6513725
V_16_14	-3.109617	0.3162171	0.485302
V_16_15	-3.030233	0.3081446	0.2993631
V_16_16	-2.989712	0.304024	0.1011683
V_16_17	-2.989712	0.304024	-0.1011683
V_16_18	-3.030233	0.3081446	-0.2993631
V_16_19	-3.109617	0.3162171	-0.485302
V_16_20	-3.224612	0.327911	-0.6513725
V_16_21	-3.370512	0.3427476	-0.7907757
V_16_22	-3.541343	0.3601194	-0.8978045
V_16_23	-3.730111	0.3793152	-0.9680771
V_16_24	-3.929088	0.3995492	-0.9987165
V_16_25	-4.130128	0.419993	-0.9884683
V_16_26	-4.325001	0.4398096	-0.9377521
V_16_27	-4.505727	0.4581877	-0.8486443
V_16_28	-4.664909	0.4743749	-0.7247928
V_16_29	-4.79603	0.4877085	-0.5712682
V_16_30	-4.89372	0.4976427	-0.3943559
V_16_31	-4.953982	0.5037707	-0.2012985
V_16_32	-4.974347	0.5058416	-2.449213e-16
V_17_1	-4.974347	-0.5058416	0
V_17_2	-4.953982	-0.5037707	0.2012985
V_17_3	-4.89372	-0.4976427	0.3943559
V_17_4	-4.79603	-0.4877085	0.5712682
V_17_5	-4.664909	-0.4743749	0.7247928
V_17_6	-4.505727	-0.4581877	0.8486443
V_17_7	-4.325001	-0.4398096	0.9377521
V_17_8	-4.130128	-0.419993	0.9884683
V_17_9	-3.929088	-0.3995492	0.9987165
V_17_10	-3.730111	-0.3793152	0.9680771
V_17_11	-3.541343	-0.3601194	0.8978045
V_17_12	-3.370512	-0.3427476	0.7907757
V_17_13	-3.224612	-0.327911	0.6513725
V_17_14	-3.109617	-0.3162171	0.485302
V_17_15	-3.030233	-0.3081446	0.2993631
V_17_16	-2.989712	-0.304024	0.1011683
V_17_17	-2.989712	-0.304024	-0.1011683
V_17_18	-3.030233	-0.3081446	-0.2993631
V_17_19	-3.109617	-0.3162171	-0.485302
V_17_20	-3.224612	-0.327911	-0.6513725
V_17_21	-3.370512	-0.3427476	-0.7907757
V_17_22	-3.541343	-0.3601194	-0.8978045
V_17_23	-3.730111	-0.3793152	-0.9680771
V_17_24	-3.929088	-0.3995492	-0.9987165
V_17_25	-4.130128	-0.419993	-0.9884683
V_17_26	-4.325001	-0.4398096	-0.9377521
V_17_27	-4.505727	-0.4581877	-0.8486443
V_17_28	-4.664909	-0.4743749	-0.7247928
V_17_29	-4.79603	-0.4877085	-0.5712682
V_17_30	-4.89372	-0.4976427	-0.3943559
V_17_31	-4.953982	-0.5037707	-0.2012985
V_17_32	-4.974347	-0.5058416	-2.449213e-16
V_18_1	-4.770696	-1.496816	0
V_18_2	-4.751165	-1.490688	0.2012985
V_18_3	-4.693371	-1.472555	0.3943559
V_18_4	-4.59968	-1.443159	0.5712682
V_18_5	-4.473927	-1.403704	0.7247928
V_18_6	-4.321262	-1.355805	0.8486443
V_18_7	-4.147935	-1.301423	0.9377521
V_18_8	-3.96104	-1.242784	0.9884683
V_18_9	-3.768231	-1.18229	0.9987165
V_18_10	-3.5774	-1.122416	0.9680771
V_18_11	-3.39636	-1.065615	0.8978045
V_18_12	-3.232523	-1.014211	0.7907757
V_18_13	-3.092596	-0.9703083	0.6513725
V_18_14	-2.982309	-0.9357054	0.485302
V_18_15	-2.906175	-0.9118184	0.2993631
V_18_16	-2.867313	-0.8996253	0.1011683
V_18_17	-2.867313	-0.8996253	-0.1011683
V_18_18	-2.906175	-0.9118184	-0.2993631
V_18_19	-2.982309	-0.9357054	-0.485302
V_18_20	-3.092596	-0.9703083	-0.6513725
V_18_21	-3.232523	-1.014211	-0.7907757
V_18_22	-3.39636	-1.065615	-0.8978045
V_18_23	-3.5774	-1.122416	-0.9680771
V_18_24	-3.768231	-1.18229	-0.9987165
V_18_25	-3.96104	-1.242784	-0.9884683
V_18_26	-4.147935	-1.301423	-0.9377521
V_18_27	-4.321262	-1.355805	-0.8486443
V_18_28	-4.473927	-1.403704	-0.7247928
V_18_29	-4.59968	-1.443159	-0.5712682
V_18_30	-4.693371	-1.472555	-0.3943559
V_18_31	-4.751165	-1.490688	-0.2012985
V_18_32	-4.770696	-1.496816	-2.449213e-16
V_19_1	-4.371733	-2.42651	0
V_19_2	-4.353835	-2.416576	0.2012985
V_19_3	-4.300874	-2.38718	0.3943559
V_19_4	-4.215018	-2.339526	0.5712682
V_19_5	-4.099782	-2.275565	0.7247928
V_19_6	-3.959884	-2.197915	0.8486443
V_19_7	-3.801052	-2.109756	0.9377521
V_19_8	-3.629787	-2.014696	0.9884683
V_19_9	-3.453102	-1.916628	0.9987165
V_19_10	-3.278229	-1.819566	0.9680771
V_19_11	-3.112329	-1.727484	0.8978045
V_19_12	-2.962194	-1.644152	0.7907757
V_19_13	-2.833969	-1.572981	0.6513725
V_19_14	-2.732904	-1.516886	0.485302
V_19_15	-2.663138	-1.478162	0.2993631
V_19_16	-2.627526	-1.458396	0.1011683
V_19_17	-2.627526	-1.458396	-0.1011683
V_19_18	-2.663138	-1.478162	-0.2993631
V_19_19	-2.732904	-1.516886	-0.485302
V_19_20	-2.833969	-1.572981	-0.6513725
V_19_21	-2.962194	-1.644152	-0.7907757
V_19_22	-3.112329	-1.727484	-0.8978045
V_19_23	-3.278229	-1.819566	-0.9680771
V_19_24	-3.453102	-1.916628	-0.9987165
V_19_25	-3.629787	-2.014696	-0.9884683
V_19_26	-3.801052	-2.109756	-0.9377521
V_19_27	-3.959884	-2.197915	-0.8486443
V_19_28	-4.099782	-2.275565	-0.7247928
V_19_29	-4.215018	-2.339526	-0.5712682
V_19_30	-4.300874	-2.38718	-0.3943559
V_19_31	-4.353835	-2.416576	-0.2012985
V_19_32	-4.371733	-2.42651	-2.449213e-16
V_20_1	-3.793791	-3.256862	0
V_20_2	-3.778259	-3.243529	0.2012985
V_20_3	-3.732299	-3.204074	0.3943559
V_20_4	-3.657793	-3.140113	0.5712682
V_20_5	-3.557792	-3.054264	0.7247928
V_20_6	-3.436388	-2.950043	0.8486443
V_20_7	-3.298553	-2.831715	0.9377521
V_20_8	-3.14993	-2.704126	0.9884683
V_20_9	-2.996602	-2.572498	0.9987165
V_20_10	-2.844848	-2.442222	0.9680771
V_20_11	-2.70088	-2.318629	0.8978045
V_20_12	-2.570592	-2.206781	0.7907757
V_20_13	-2.459319	-2.111256	0.6513725
V_20_14	-2.371615	-2.035965	0.485302
V_20_15	-2.311072	-1.98399	0.2993631
V_20_16	-2.280167	-1.957459	0.1011683
V_20_17	-2.280167	-1.957459	-0.1011683
V_20_18	-2.311072	-1.98399	-0.2993631
V_20_19	-2.371615	-2.035965	-0.485302
V_20_20	-2.459319	-2.111256	-0.6513725
V_20_21	-2.570592	-2.206781	-0.7907757
V_20_22	-2.70088	-2.318629	-0.8978045
V_20_23	-2.844848	-2.442222	-0.9680771
V_20_24	-2.996602	-2.572498	-0.9987165
V_20_25	-3.14993	-2.704126	-0.9884683
V_20_26	-3.298553	-2.831715	-0.9377521
V_20_27	-3.436388	-2.950043	-0.8486443
V_20_28	-3.557792	-3.054264	-0.7247928
V_20_29	-3.657793	-3.140113	-0.5712682
V_20_30	-3.732299	-3.204074	-0.3943559
V_20_31	-3.778259	-3.243529	-0.2012985
V_20_32	-3.793791	-3.256862	-2.449213e-16
V_21_1	-3.06053	-3.953879	0
V_21_2	-3.048	-3.937691	0.2012985
V_21_3	-3.010924	-3.889792	0.3943559
V_21_4	-2.950818	-3.812143	0.5712682
V_21_5	-2.870145	-3.707921	0.7247928
V_21_6	-2.772206	-3.581395	0.8486443
V_21_7	-2.661012	-3.437744	0.9377521
V_21_8	-2.541114	-3.282848	0.9884683
V_21_9	-2.417421	-3.123051	0.9987165
V_21_10	-2.294998	-2.964893	0.9680771
V_21_11	-2.178856	-2.81485	0.8978045
V_21_12	-2.07375	-2.679064	0.7907757
V_21_13	-1.983984	-2.563095	0.6513725
V_21_14	-1.913231	-2.471691	0.485302
V_21_15	-1.86439	-2.408593	0.2993631
V_21_16	-1.839458	-2.376384	0.1011683
V_21_17	-1.839458	-2.376384	-0.1011683
V_21_18	-1.86439	-2.408593	-0.2993631
V_21_19	-1.913231	-2.471691	-0.485302
V_21_20	-1.983984	-2.563095	-0.6513725
V_21_21	-2.07375	-2.679064	-0.7907757
V_21_22	-2.178856	-2.81485	-0.8978045
V_21_23	-2.294998	-2.964893	-0.9680771
V_21_24	-2.417421	-3.123051	-0.9987165
V_21_25	-2.541114	-3.282848	-0.9884683
V_21_26	-2.661012	-3.437744	-0.9377521
V_21_27	-2.772206	-3.581395	-0.8486443
V_21_28	-2.870145	-3.707921	-0.7247928
V_21_29	-2.950818	-3.812143	-0.5712682
V_21_30	-3.010924	-3.889792	-0.3943559
V_21_31	-3.048	-3.937691	-0.2012985
V_21_32	-3.06053	-3.953879	-2.449213e-16
V_22_1	-2.201971	-4.489023	0
V_22_2	-2.192956	-4.470645	0.2012985
V_22_3	-2.16628	-4.416263	0.3943559
V_22_4	-2.123036	-4.328103	0.5712682
V_22_5	-2.064994	-4.209776	0.7247928
V_22_6	-1.994529	-4.066124	0.8486443
V_22_7	-1.914528	-3.90303	0.9377521
V_22_8	-1.828265	-3.727171	0.9884683
V_22_9	-1.739271	-3.545745	0.9987165
V_22_10	-1.651191	-3.366181	0.9680771
V_22_11	-1.56763	-3.19583	0.8978045
V_22_12	-1.492009	-3.041667	0.7907757
V_22_13	-1.427424	-2.910002	0.6513725
V_22_14	-1.376519	-2.806226	0.485302
V_22_15	-1.341379	-2.734588	0.2993631
V_22_16	-1.323442	-2.69802	0.1011683
V_22_17	-1.323442	-2.69802	-0.1011683
V_22_18	-1.341379	-2.734588	-0.2993631
V_22_19	-1.376519	-2.806226	-0.485302
V_22_20	-1.427424	-2.910002	-0.6513725
V_22_21	-1.492009	-3.041667	-0.7907757
V_22_22	-1.56763	-3.19583	-0.8978045
V_22_23	-1.651191	-3.366181	-0.9680771
V_22_24	-1.739271	-3.545745	-0.9987165
V_22_25	-1.828265	-3.727171	-0.9884683
V_22_26	-1.914528	-3.90303	-0.9377521
V_22_27	-1.994529	-4.066124	-0.8486443
V_22_28	-2.064994	-4.209776	-0.7247928
V_22_29	-2.123036	-4.328103	-0.5712682
V_22_30	-2.16628	-4.416263	-0.3943559
V_22_31	-2.192956	-4.470645	-0.2012985
V_22_32	-2.201971	-4.489023	-2.449213e-16
V_23_1	-1.253263	-4.840386	0
V_23_2	-1.248132	-4.820569	0.2012985
V_23_3	-1.232949	-4.761931	0.3943559
V_23_4	-1.208337	-4.666871	0.5712682
V_23_5	-1.175301	-4.539282	0.7247928
V_23_6	-1.135196	-4.384386	0.8486443
V_23_7	-1.089663	-4.208527	0.9377521
V_23_8	-1.040566	-4.018902	0.9884683
V_23_9	-0.9899148	-3.823276	0.9987165
V_23_10	-0.9397834	-3.629657	0.9680771
V_23_11	-0.8922242	-3.445973	0.8978045
V_23_12	-0.8491842	-3.279743	0.7907757
V_23_13	-0.8124255	-3.137772	0.6513725
V_23_14	-0.7834529	-3.025874	0.485302
V_23_15	-0.7634527	-2.948628	0.2993631
V_23_16	-0.7532436	-2.909198	0.1011683
V_23_17	-0.7532436	-2.909198	-0.1011683
V_23_18	-0.7634527	-2.948628	-0.2993631
V_23_19	-0.7834529	-3.025874	-0.485302
V_23_20	-0.8124255	-3.137772	-0.6513725
V_23_21	-0.8491842	-3.279743	-0.7907757
V_23_22	-0.8922242	-3.445973	-0.8978045
V_23_23	-0.9397834	-3.629657	-0.9680771
V_23_24	-0.9899148	-3.823276	-0.9987165
V_23_25	-1.040566	-4.018902	-0.9884683
V_23_26	-1.089663	-4.208527	-0.9377521
V_23_27	-1.135196	-4.384386	-0.8486443
V_23_28	-1.175301	-4.539282	-0.7247928
V_23_29	-1.208337	-4.666871	-0.5712682
V_23_30	-1.232949	-4.761931	-0.3943559
V_23_31	-1.248132	-4.820569	-0.2012985
V_23_32	-1.253263	-4.840386	-2.449213e-16
V_24_1	-0.2532458	-4.993583	0
V_24_2	-0.2522091	-4.973139	0.2012985
V_24_3	-0.2491411	-4.912644	0.3943559
V_24_4	-0.2441677	-4.814576	0.5712682
V_24_5	-0.2374923	-4.682949	0.7247928
V_24_6	-0.2293883	-4.523151	0.8486443
V_24_7	-0.2201874	-4.341726	0.9377521
V_24_8	-0.2102664	-4.146099	0.9884683
V_24_9	-0.2000313	-3.944282	0.9987165
V_24_10	-0.1899013	-3.744535	0.9680771
V_24_11	-0.1802911	-3.555037	0.8978045
V_24_12	-0.171594	-3.383546	0.7907757
V_24_13	-0.1641662	-3.237082	0.6513725
V_24_14	-0.1583117	-3.121642	0.485302
V_24_15	-0.1542703	-3.041951	0.2993631
V_24_16	-0.1522074	-3.001274	0.1011683
V_24_17	-0.1522074	-3.001274	-0.1011683
V_24_18	-0.1542703	-3.041951	-0.2993631
V_24_19	-0.1583117	-3.121642	-0.485302
V_24_20	-0.1641662	-3.237082	-0.6513725
V_24_21	-0.171594	-3.383546	-0.7907757
V_24_22	-0.1802911	-3.555037	-0.8978045
V_24_23	-0.1899013	-3.744535	-0.9680771
V_24_24	-0.2000313	-3.944282	-0.9987165
V_24_25	-0.2102664	-4.146099	-0.9884683
V_24_26	-0.2201874	-4.341726	-0.9377521
V_24_27	-0.2293883	-4.523151	-0.8486443
V_24_28	-0.2374923	-4.682949	-0.7247928
V_24_29	-0.2441677	-4.814576	-0.5712682
V_24_30	-0.2491411	-4.912644	-0.3943559
V_24_31	-0.2522091	-4.973139	-0.2012985
V_24_32	-0.2532458	-4.993583	-2.449213e-16
V_25_1	0.7571389	-4.942342	0
V_25_2	0.7540392	-4.922108	0.2012985
V_25_3	0.7448668	-4.862234	0.3943559
V_25_4	0.7299975	-4.765172	0.5712682
V_25_5	0.7100398	-4.634895	0.7247928
V_25_6	0.685811	-4.476737	0.8486443
V_25_7	0.6583028	-4.297174	0.9377521
V_25_8	0.6286415	-4.103555	0.9884683
V_25_9	0.5980414	-3.903808	0.9987165
V_25_10	0.5677554	-3.706111	0.9680771
V_25_11	0.5390232	-3.518558	0.8978045
V_25_12	0.5130213	-3.348826	0.7907757
V_25_13	0.4908141	-3.203865	0.6513725
V_25_14	0.4733107	-3.089609	0.485302
V_25_15	0.4612279	-3.010737	0.2993631
V_25_16	0.4550603	-2.970476	0.1011683
V_25_17	0.4550603	-2.970476	-0.1011683
V_25_18	0.4612279	-3.010737	-0.2993631
V_25_19	0.4733107	-3.089609	-0.485302
V_25_20	0.4908141	-3.203865	-0.6513725
V_25_21	0.5130213	-3.348826	-0.7907757
V_25_22	0.5390232	-3.518558	-0.8978045
V_25_23	0.5677554	-3.706111	-0.9680771
V_25_24	0.5980414	-3.903808	-0.9987165
V_25_25	0.6286415	-4.103555	-0.9884683
V_25_26	0.6583028	-4.297174	-0.9377521
V_25_27	0.685811	-4.476737	-0.8486443
V_25_28	0.7100398	-4.634895	-0.7247928
V_25_29	0.7299975	-4.765172	-0.5712682
V_25_30	0.7448668	-4.862234	-0.3943559
V_25_31	0.7540392	-4.922108	-0.2012985
V_25_32	0.7571389	-4.942342	-2.449213e-16
V_26_1	1.736526	-4.688761	0
V_26_2	1.729417	-4.669565	0.2012985
V_26_3	1.70838	-4.612763	0.3943559
V_26_4	1.674276	-4.520681	0.5712682
V_26_5	1.628503	-4.397089	0.7247928
V_26_6	1.572933	-4.247046	0.8486443
V_26_7	1.509842	-4.076695	0.9377521
V_26_8	1.441813	-3.89301	0.9884683
V_26_9	1.37163	-3.703512	0.9987165
V_26_10	1.302168	-3.515959	0.9680771
V_26_11	1.23627	-3.338028	0.8978045
V_26_12	1.176633	-3.177005	0.7907757
V_26_13	1.1257	-3.039481	0.6513725
V_26_14	1.085556	-2.931088	0.485302
V_26_15	1.057843	-2.856262	0.2993631
V_26_16	1.043698	-2.818068	0.1011683
V_26_17	1.043698	-2.818068	-0.1011683
V_26_18	1.057843	-2.856262	-0.2993631
V_26_19	1.085556	-2.931088	-0.485302
V_26_20	1.1257	-3.039481	-0.6513725
V_26_21	1.176633	-3.177005	-0.7907757
V_26_22	1.23627	-3.338028	-0.8978045
V_26_23	1.302168	-3.515959	-0.9680771
V_26_24	1.37163	-3.703512	-0.9987165
V_26_25	1.441813	-3.89301	-0.9884683
V_26_26	1.509842	-4.076695	-0.9377521
V_26_27	1.572933	-4.247046	-0.8486443
V_26_28	1.628503	-4.397089	-0.7247928
V_26_29	1.674276	-4.520681	-0.5712682
V_26_30	1.70838	-4.612763	-0.3943559
V_26_31	1.729417	-4.669565	-0.2012985
V_26_32	1.736526	-4.688761	-2.449213e-16
V_27_1	2.64482	-4.243221	0
V_27_2	2.633992	-4.225849	0.2012985
V_27_3	2.601952	-4.174445	0.3943559
V_27_4	2.55001	-4.091113	0.5712682
V_27_5	2.480295	-3.979265	0.7247928
V_27_6	2.395659	-3.843479	0.8486443
V_27_7	2.299568	-3.689316	0.9377521
V_27_8	2.195956	-3.523085	0.9884683
V_27_9	2.089064	-3.351594	0.9987165
V_27_10	1.98327	-3.181862	0.9680771
V_27_11	1.882903	-3.020839	0.8978045
V_27_12	1.792074	-2.875117	0.7907757
V_27_13	1.7145	-2.750661	0.6513725
V_27_14	1.653358	-2.652568	0.485302
V_27_15	1.611151	-2.584852	0.2993631
V_27_16	1.589606	-2.550287	0.1011683
V_27_17	1.589606	-2.550287	-0.1011683
V_27_18	1.611151	-2.584852	-0.2993631
V_27_19	1.653358	-2.652568	-0.485302
V_27_20	1.7145	-2.750661	-0.6513725
V_27_21	1.792074	-2.875117	-0.7907757
V_27_22	1.882903	-3.020839	-0.8978045
V_27_23	1.98327	-3.181862	-0.9680771
V_27_24	2.089064	-3.351594	-0.9987165
V_27_25	2.195956	-3.523085	-0.9884683
V_27_26	2.299568	-3.689316	-0.9377521
V_27_27	2.395659	-3.843479	-0.8486443
V_27_28	2.480295	-3.979265	-0.7247928
V_27_29	2.55001	-4.091113	-0.5712682
V_27_30	2.601952	-4.174445	-0.3943559
V_27_31	2.633992	-4.225849	-0.2012985
V_27_32	2.64482	-4.243221	-2.449213e-16
V_28_1	3.444835	-3.623964	0
V_28_2	3.430731	-3.609127	0.2012985
V_28_3	3.388999	-3.565225	0.3943559
V_28_4	3.321347	-3.494055	0.5712682
V_28_5	3.230543	-3.398529	0.7247928
V_28_6	3.120306	-3.28256	0.8486443
V_28_7	2.99515	-3.150895	0.9377521
V_28_8	2.860196	-3.008925	0.9884683
V_28_9	2.720972	-2.862461	0.9987165
V_28_10	2.583176	-2.7175	0.9680771
V_28_11	2.452451	-2.579977	0.8978045
V_28_12	2.334147	-2.455521	0.7907757
V_28_13	2.233108	-2.349229	0.6513725
V_28_14	2.153472	-2.265451	0.485302
V_28_15	2.098497	-2.207618	0.2993631
V_28_16	2.070436	-2.178097	0.1011683
V_28_17	2.070436	-2.178097	-0.1011683
V_28_18	2.098497	-2.207618	-0.2993631
V_28_19	2.153472	-2.265451	-0.485302
V_28_20	2.233108	-2.349229	-0.6513725
V_28_21	2.334147	-2.455521	-0.7907757
V_28_22	2.452451	-2.579977	-0.8978045
V_28_23	2.583176	-2.7175	-0.9680771
V_28_24	2.720972	-2.862461	-0.9987165
V_28_25	2.860196	-3.008925	-0.9884683
V_28_26	2.99515	-3.150895	-0.9377521
V_28_27	3.120306	-3.28256	-0.8486443
V_28_28	3.230543	-3.398529	-0.7247928
V_28_29	3.321347	-3.494055	-0.5712682
V_28_30	3.388999	-3.565225	-0.3943559
V_28_31	3.430731	-3.609127	-0.2012985
V_28_32	3.444835	-3.623964	-2.449213e-16
V_29_1	4.103817	-2.856341	0
V_29_2	4.087016	-2.844647	0.2012985
V_29_3	4.037301	-2.810044	0.3943559
V_29_4	3.956706	-2.753949	0.5712682
V_29_5	3.848533	-2.678658	0.7247928
V_29_6	3.717208	-2.587253	0.8486443
V_29_7	3.568109	-2.483477	0.9377521
V_29_8	3.40734	-2.371579	0.9884683
V_29_9	3.241483	-2.256139	0.9987165
V_29_10	3.077327	-2.141883	0.9680771
V_29_11	2.921594	-2.03349	0.8978045
V_29_12	2.78066	-1.935396	0.7907757
V_29_13	2.660293	-1.851618	0.6513725
V_29_14	2.565422	-1.785586	0.485302
V_29_15	2.499931	-1.740003	0.2993631
V_29_16	2.466501	-1.716736	0.1011683
V_29_17	2.466501	-1.716736	-0.1011683
V_29_18	2.499931	-1.740003	-0.2993631
V_29_19	2.565422	-1.785586	-0.485302
V_29_20	2.660293	-1.851618	-0.6513725
V_29_21	2.78066	-1.935396	-0.7907757
V_29_22	2.921594	-2.03349	-0.8978045
V_29_23	3.077327	-2.141883	-0.9680771
V_29_24	3.241483	-2.256139	-0.9987165
V_29_25	3.40734	-2.371579	-0.9884683
V_29_26	3.568109	-2.483477	-0.9377521
V_29_27	3.717208	-2.587253	-0.8486443
V_29_28	3.848533	-2.678658	-0.7247928
V_29_29	3.956706	-2.753949	-0.5712682
V_29_30	4.037301	-2.810044	-0.3943559
V_29_31	4.087016	-2.844647	-0.2012985
V_29_32	4.103817	-2.856341	-2.449213e-16
V_30_1	4.594789	-1.971779	0
V_30_2	4.575978	-1.963707	0.2012985
V_30_3	4.520315	-1.93982	0.3943559
V_30_4	4.430078	-1.901096	0.5712682
V_30_5	4.308963	-1.849122	0.7247928
V_30_6	4.161927	-1.786023	0.8486443
V_30_7	3.99499	-1.714385	0.9377521
V_30_8	3.814987	-1.63714	0.9884683
V_30_9	3.629287	-1.55745	0.9987165
V_30_10	3.445492	-1.478577	0.9680771
V_30_11	3.271128	-1.403751	0.8978045
V_30_12	3.113332	-1.336036	0.7907757
V_30_13	2.978565	-1.278203	0.6513725
V_30_14	2.872344	-1.23262	0.485302
V_30_15	2.799018	-1.201153	0.2993631
V_30_16	2.761588	-1.185091	0.1011683
V_30_17	2.761588	-1.185091	-0.1011683
V_30_18	2.799018	-1.201153	-0.2993631
V_30_19	2.872344	-1.23262	-0.485302
V_30_20	2.978565	-1.278203	-0.6513725
V_30_21	3.113332	-1.336036	-0.7907757
V_30_22	3.271128	-1.403751	-0.8978045
V_30_23	3.445492	-1.478577	-0.9680771
V_30_24	3.629287	-1.55745	-0.9987165
V_30_25	3.814987	-1.63714	-0.9884683
V_30_26	3.99499	-1.714385	-0.9377521
V_30_27	4.161927	-1.786023	-0.8486443
V_30_28	4.308963	-1.849122	-0.7247928
V_30_29	4.430078	-1.901096	-0.5712682
V_30_30	4.520315	-1.93982	-0.3943559
V_30_31	4.575978	-1.963707	-0.2012985
V_30_32	4.594789	-1.971779	-2.449213e-16
V_31_1	4.89765	-1.006493	0
V_31_2	4.877599	-1.002372	0.2012985
V_31_3	4.818266	-0.9901789	0.3943559
V_31_4	4.722082	-0.9704125	0.5712682
V_31_5	4.592983	-0.9438821	0.7247928
V_31_6	4.436256	-0.9116738	0.8486443
V_31_7	4.258316	-0.8751061	0.9377521
V_31_8	4.066448	-0.8356763	0.9884683
V_31_9	3.868507	-0.7949985	0.9987165
V_31_10	3.672598	-0.7547381	0.9680771
V_31_11	3.486741	-0.7165434	0.8978045
V_31_12	3.318544	-0.6819781	0.7907757
V_31_13	3.174893	-0.6524572	0.6513725
V_31_14	3.061671	-0.6291894	0.485302
V_31_15	2.983512	-0.6131273	0.2993631
V_31_16	2.943615	-0.6049284	0.1011683
V_31_17	2.943615	-0.6049284	-0.1011683
V_31_18	2.983512	-0.6131273	-0.2993631
V_31_19	3.061671	-0.6291894	-0.485302
V_31_20	3.174893	-0.6524572	-0.6513725
V_31_21	3.318544	-0.6819781	-0.7907757
V_31_22	3.486741	-0.7165434	-0.8978045
V_31_23	3.672598	-0.7547381	-0.9680771
V_31_24	3.868507	-0.7949985	-0.9987165
V_31_25	4.066448	-0.8356763	-0.9884683
V_31_26	4.258316	-0.8751061	-0.9377521
V_31_27	4.436256	-0.9116738	-0.8486443
V_31_28	4.592983	-0.9438821	-0.7247928
V_31_29	4.722082	-0.9704125	-0.5712682
V_31_30	4.818266	-0.9901789	-0.3943559
V_31_31	4.877599	-1.002372	-0.2012985
V_31_32	4.89765	-1.006493	-2.449213e-16
V_32_1	5	-1.224606e-15	0
V_32_2	4.97953	-1.219593e-15	0.2012985
V_32_3	4.918958	-1.204757e-15	0.3943559
V_32_4	4.820763	-1.180708e-15	0.5712682
V_32_5	4.688967	-1.148428e-15	0.7247928
V_32_6	4.528964	-1.10924e-15	0.8486443
V_32_7	4.347305	-1.064748e-15	0.9377521
V_32_8	4.151428	-1.016773e-15	0.9884683
V_32_9	3.949351	-9.6728e-16	0.9987165
V_32_10	3.749347	-9.182949e-16	0.9680771
V_32_11	3.559606	-8.718232e-16	0.8978045
V_32_12	3.387894	-8.297673e-16	0.7907757
V_32_13	3.241242	-7.938491e-16	0.6513725
V_32_14	3.125653	-7.65539e-16	0.485302
V_32_15	3.045861	-7.459961e-16	0.2993631
V_32_16	3.005131	-7.360204e-16	0.1011683
V_32_17	3.005131	-7.360204e-16	-0.1011683
V_32_18	3.045861	-7.459961e-16	-0.2993631
V_32_19	3.125653	-7.65539e-16	-0.485302
V_32_20	3.241242	-7.938491e-16	-0.6513725
V_32_21	3.387894	-8.297673e-16	-0.7907757
V_32_22	3.559606	-8.718232e-16	-0.8978045
V_32_23	3.749347	-9.182949e-16	-0.9680771
V_32_24	3.949351	-9.6728e-16	-0.9987165
V_32_25	4.151428	-1.016773e-15	-0.9884683
V_32_26	4.347305	-1.064748e-15	-0.9377521
V_32_27	4.528964	-1.10924e-15	-0.8486443
V_32_28	4.688967	-1.148428e-15	-0.7247928
V_32_29	4.820763	-1.180708e-15	-0.5712682
V_32_30	4.918958	-1.204757e-15	-0.3943559
V_32_31	4.97953	-1.219593e-15	-0.2012985
V_32_32	5	-1.224606e-15	-2.449213e-16
